Preprocessing   Response    Total   (us)
33541   704586  738127
56943   689057  746000
28811   690762  719573
30520   681542  712062
46448   686248  732696
35543   706305  741848
54686   700581  755267
32677   729810  762487
45572   734422  779994
60770   734589  795359
38519   730631  769150
31161   718042  749203
26651   641454  668105
32357   681196  713553
29252   672237  701489
28333   656543  684876
30048   643258  673306
31171   692445  723616
46480   810676  857156
32859   684115  716974